000010000000000000000000000000000000000000000000000000000000000000000000000000
000000000010000000000000000000000000000000000000000000000000000000000000000000
000100000000100000000000000000000000000000000000000000000000000000000000000000
001010000000000000000000000000000000000000000000000000000000000000000000000000
100101000000010000000000000000000000000000000000000000000000000000000000000000
000010000000001000000000000000000000000000000000000000000000000000000000000000
000000010000000010000000000000000000000000000000000000000000000000000000000000
000000101000000001000000000000000000000000000000000000000000000000000000000000
000000010100000000100000000000000000000000000000000000000000000000000000000000
000000001010000000000000000000000000000000000000000000000000000000000000000000
010000000101000000000000000000000000000000000000000000000000000000000000000000
000000000010000000010000000000000000000000000000000000000000000000000000000000
001000000000000000001000000000000000000000000000000000000000000000000000000000
000010000000001000000010000000000000000000000000000000000000000000000000000000
000001000000010100000001000000000000000000000000000000000000000000000000000000
000000000000001010000000000000000000000000000000000000000000000000000000000000
000000100000000101000000100000000000000000000000000000000000000000000000000000
000000010000000010100000000000000000000000000000000000000000000000000000000000
000000001000000001000000010000000000000000000000000000000000000000000000000000
000000000001000000000000000100000000000000000000000000000000000000000000000000
000000000000100000000100000010000000000000000000000000000000000000000000000000
000000000000000000001010000000000000000000000000000000000000000000000000000000
000000000000010000000101000001000000000000000000000000000000000000000000000000
000000000000001000000010000000000000000000000000000000000000000000000000000000
000000000000000010000000000000100000000000000000000000000000000000000000000000
000000000000000000100000001000010000000000000000000000000000000000000000000000
000000000000000000000000010000000000000000000000000000000000000000000000000000
000000000000000000010000000000001000000000000000000000000000000000000000000000
000000000000000000001000000000000010000000000000000000000000000000000000000000
000000000000000000000010000000000001000000000000000000000000000000000000000000
000000000000000000000000100000000000001000000000000000000000000000000000000000
000000000000000000000000010000000000000100000000000000000000000000000000000000
000000000000000000000000000100000000000001000000000000000000000000000000000000
000000000000000000000000000000000010000000000000000000000000000000000000000000
000000000000000000000000000010000100000000100000000000000000000000000000000000
000000000000000000000000000001000000100000000000000000000000000000000000000000
000000000000000000000000000000000001010000010000000000000000000000000000000000
000000000000000000000000000000000000101000001000000000000000000000000000000000
000000000000000000000000000000100000010000000100000000000000000000000000000000
000000000000000000000000000000010000000000000010000000000000000000000000000000
000000000000000000000000000000000000000001000000100000000000000000000000000000
000000000000000000000000000000001000000010000000010000000000000000000000000000
000000000000000000000000000000000010000000000000001000000000000000000000000000
000000000000000000000000000000000000100000001000000010000000000000000000000000
000000000000000000000000000000000000010000010100000001000000000000000000000000
000000000000000000000000000000000000001000001000000000100000000000000000000000
000000000000000000000000000000000000000100000001000000001000000000000000000000
000000000000000000000000000000000000000000000010100000000100000000000000000000
000000000000000000000000000000000000000010000001010000000010000000000000000000
000000000000000000000000000000000000000001000000100000000001000000000000000000
000000000000000000000000000000000000000000100000000000000000010000000000000000
000000000000000000000000000000000000000000000000000010000000001000000000000000
000000000000000000000000000000000000000000010000000101000000000000000000000000
000000000000000000000000000000000000000000001000000010100000000000000000000000
000000000000000000000000000000000000000000000100000001010000000000000000000000
000000000000000000000000000000000000000000000000000000101000000000000000000000
000000000000000000000000000000000000000000000010000000010100000000000000000000
000000000000000000000000000000000000000000000001000000001010000100000000000000
000000000000000000000000000000000000000000000000100000000101000010000000000000
000000000000000000000000000000000000000000000000010000000010100001000000000000
000000000000000000000000000000000000000000000000000000000001000000000000000000
000000000000000000000000000000000000000000000000001000000000000000100000000000
000000000000000000000000000000000000000000000000000100000000000000001000000000
000000000000000000000000000000000000000000000000000000000100000010000000001000
000000000000000000000000000000000000000000000000000000000010000101000000000100
000000000000000000000000000000000000000000000000000000000001000010000000000010
000000000000000000000000000000000000000000000000000000000000010000010000000000
000000000000000000000000000000000000000000000000000000000000000000101000000000
000000000000000000000000000000000000000000000000000000000000001000010100000001
000000000000000000000000000000000000000000000000000000000000000000001010000000
000000000000000000000000000000000000000000000000000000000000000000000101000000
000000000000000000000000000000000000000000000000000000000000000000000010100000
000000000000000000000000000000000000000000000000000000000000000000000001010000
000000000000000000000000000000000000000000000000000000000000000000000000101000
000000000000000000000000000000000000000000000000000000000000000100000000010100
000000000000000000000000000000000000000000000000000000000000000010000000001010
000000000000000000000000000000000000000000000000000000000000000001000000000100
000000000000000000000000000000000000000000000000000000000000000000001000000000
